Qarizonica 0 0.0252757419423 0.0256483753095 0.0241547840074 0.0351679836571 0.0226565818543 0.0277086710605 0.0124771144866 0.0282652119287 0.0283280790377 0.0252670473685 0.0256443276459 0.0316633567706 0.0221650439193 0.0325243912628 0.0261933064404 0.0399060645607 0.0256872068286 0.0277260846832 0.0284812147551 0.0264550710613 0.0449081518265 0.0255119066965 0.0251109513953 0.026015321781 0.0271311760115 0.0266404124333 0.0237448011623 0.0253005549504 0.0273486462462 0.0331393844809 0.0263326845652 0.0284147088248 0.0214682337183
Qbrandege1 0.0252757419423 0 0.0122466934504 0.0117436282578 0.0296474091257 0.0268112488546 0.0255176055439 0.0262123956038 0.0152477391214 0.0143013677413 0.0170773730901 0.0166140343992 0.0180568405183 0.0168611231786 0.0154302325808 0.019017289782 0.0405389616122 0.0196764133819 0.0176684319025 0.0207051922575 0.0183653389411 0.0397386530077 0.0193740795861 0.0191666131174 0.0185459102265 0.0180250534673 0.0182403567468 0.0174598980358 0.0194767288505 0.0175496684556 0.0151106909751 0.0190885531303 0.0167765574025 0.0155442977378
Qbrandege2 0.0256483753095 0.0122466934504 0 0.0113243500898 0.0301746117504 0.0273424721601 0.0260864945136 0.025631747427 0.0156570267104 0.0148075730834 0.0168220102982 0.017002373638 0.018044167817 0.0165379171953 0.0156063019763 0.0193804573205 0.0411678475282 0.0191358993812 0.0178731929037 0.0208530877217 0.0186940490773 0.0404232399918 0.0188164803472 0.0186615930197 0.0187671873849 0.0183101621503 0.0183698565112 0.0169554055824 0.0187303660006 0.0179712588261 0.0154789007074 0.0192578795954 0.0169784864829 0.0149925547001
Qbrandege3 0.0241547840074 0.0117436282578 0.0113243500898 0 0.0287719891258 0.0258029213165 0.0245793252084 0.0265470081788 0.0142678650318 0.0132604191112 0.0160403066514 0.0154633871526 0.0167822772461 0.0174091936043 0.0144188981534 0.0177813057424 0.0393010717299 0.0182920592487 0.0162593602627 0.0192109807938 0.0171649766438 0.0386350282533 0.018194220748 0.018109921237 0.0176554734018 0.0168580621998 0.0169739813127 0.0181381853034 0.0183358480675 0.0166515802142 0.014164494892 0.0178130245654 0.0157723444716 0.0160690055266
Qchrysole1 0.0351679836571 0.0296474091257 0.0301746117504 0.0287719891258 0 0.0287383747297 0.0337873308113 0.0236132212782 0.0324566559598 0.033112801118 0.0297706569207 0.0302054305624 0.0360005161167 0.026117792962 0.0363303352515 0.0304210618995 0.0375086135007 0.0302824830647 0.0319393717542 0.0327145518359 0.0306998409346 0.0418148730999 0.0299612654185 0.0296164825932 0.0305900731845 0.0315704595859 0.0310905626573 0.0280243368419 0.029850226487 0.0317557044497 0.0369619246309 0.0305740697668 0.0327942492937 0.0255525905236
Qdouglasi1 0.0226565818543 0.0268112488546 0.0273424721601 0.0258029213165 0.0287383747297 0 0.0185318469571 0.0168454633006 0.0297272774225 0.0302535320061 0.0266584199906 0.0271600736469 0.0319024925286 0.0234844826022 0.0289757951145 0.0276684932037 0.0411812309491 0.0271865442842 0.0292179312924 0.02991333875 0.0278596836716 0.0393873063741 0.0270888746901 0.0267057319524 0.0277014292442 0.0288378113194 0.0282715550796 0.0250645391805 0.0267999122043 0.0290170814708 0.02858972241 0.0277083546489 0.0300910552008 0.0227121172235
Qdurata 0.0277086710605 0.0255176055439 0.0260864945136 0.0245793252084 0.0337873308113 0.0185318469571 0 0.0151301662448 0.0288638611681 0.0288189894473 0.0256179552725 0.0261025403006 0.0321778956399 0.0226494293381 0.0325379862353 0.0265381649825 0.0392288454467 0.0263084601055 0.0279545028289 0.0287773701334 0.0265377452662 0.0438962443143 0.0259784969206 0.0256281803864 0.026588365104 0.0274623383035 0.0270184101416 0.0242160274209 0.02579044377 0.0277365777644 0.0330470915192 0.0266253020407 0.0287494679554 0.0218787525875
Qengelman1 0.0124771144866 0.0262123956038 0.025631747427 0.0265470081788 0.0236132212782 0.0168454633006 0.0151301662448 0 0.0247650705164 0.0243061785927 0.0257836989814 0.0254397873861 0.0242852433785 0.0258835006464 0.0223446521546 0.0259174892921 0.0346811729001 0.0262791188325 0.0245409298117 0.0270297773606 0.0254438462208 0.0337307045718 0.0261610831025 0.0261331260129 0.0255030462485 0.02517308628 0.0252081046018 0.0277579033004 0.0261227223523 0.0246364423558 0.0225362539425 0.0259048215816 0.0244525065631 0.025068007244
Qfusiform1 0.0282652119287 0.0152477391214 0.0156570267104 0.0142678650318 0.0324566559598 0.0297272774225 0.0288638611681 0.0247650705164 0 0.0164463204731 0.0147987563306 0.0149631844885 0.0203146652115 0.0146787064922 0.0173055538253 0.0178148619226 0.0437702249405 0.017688217816 0.0191470620236 0.0205922771778 0.0180274306497 0.0427855614906 0.0167932756721 0.0165011882329 0.0173453141655 0.018536636668 0.017470408517 0.0149849158775 0.0167964537547 0.0184996528288 0.0168173503444 0.017574760339 0.0187644875892 0.0132779636981
Qfusiform2 0.0283280790377 0.0143013677413 0.0148075730834 0.0132604191112 0.033112801118 0.0302535320061 0.0288189894473 0.0243061785927 0.0164463204731 0 0.0142072669679 0.0143256993177 0.0201602359551 0.014182412066 0.0177506468618 0.017231147956 0.0440842820503 0.0165457622863 0.0187723157377 0.0198058618193 0.0175961252052 0.0433697467612 0.016817314995 0.0164874092513 0.0174131474228 0.0187100008759 0.0174728889665 0.0146231001298 0.0160866457225 0.0184745103619 0.017156055664 0.0170200129242 0.0187794447349 0.012271692471
Qfusiform3 0.0252670473685 0.0170773730901 0.0168220102982 0.0160403066514 0.0297706569207 0.0266584199906 0.0256179552725 0.0257836989814 0.0147987563306 0.0142072669679 0 0.0152860777348 0.0167948315521 0.0152252173654 0.0140846557873 0.0177809648603 0.0405778014375 0.0184363467974 0.0162649329511 0.0196310077298 0.0171340076231 0.0396066657364 0.0188437770686 0.0184519648774 0.0180278383478 0.0174331434299 0.0176044794202 0.0165418963273 0.0182634208015 0.0166706716168 0.0134125840515 0.0172043384637 0.0149665561995 0.0137576180671
Qfusiform4 0.0256443276459 0.0166140343992 0.017002373638 0.0154633871526 0.0302054305624 0.0271600736469 0.0261025403006 0.0254397873861 0.0149631844885 0.0143256993177 0.0152860777348 0 0.0170978834377 0.0151045211012 0.014337112953 0.0179299895399 0.0409363987223 0.0178738672933 0.0166223981703 0.0200153120295 0.0174695311049 0.040124571794 0.0182739353645 0.0179485407926 0.0184519360592 0.0178610762174 0.0179943580423 0.0159803224138 0.017914300567 0.017218007766 0.0137901987325 0.0176175988862 0.0152177995838 0.0131495668945
Qgeminata1 0.0316633567706 0.0180568405183 0.018044167817 0.0167822772461 0.0360005161167 0.0319024925286 0.0321778956399 0.0242852433785 0.0203146652115 0.0201602359551 0.0167948315521 0.0170978834377 0 0.0121982864192 0.0180645225383 0.0145921749965 0.044907364498 0.0147175129615 0.0173009545862 0.0184130797502 0.0152938313776 0.0460008032873 0.0178881271511 0.0176313662696 0.0183510537711 0.0197781227459 0.0187396117326 0.0140115291882 0.0156710161291 0.0181796234957 0.0193464849823 0.0160249473141 0.0178330025236 0.011528932842
Qgeminata2 0.0221650439193 0.0168611231786 0.0165379171953 0.0174091936043 0.026117792962 0.0234844826022 0.0226494293381 0.0258835006464 0.0146787064922 0.014182412066 0.0152252173654 0.0151045211012 0.0121982864192 0 0.00953296131696 0.0130142086818 0.0355305527729 0.014121515123 0.012426035685 0.0154587967885 0.0129570870055 0.0351648339107 0.0165296641839 0.016518360068 0.0159050648689 0.0153170580033 0.0155460475289 0.0172809574203 0.0152555655016 0.0138944634184 0.0113019727217 0.0144721222776 0.0124754012431 0.0191328757464
Qgeminata3 0.0325243912628 0.0154302325808 0.0156063019763 0.0144188981534 0.0363303352515 0.0289757951145 0.0325379862353 0.0223446521546 0.0173055538253 0.0177506468618 0.0140846557873 0.014337112953 0.0180645225383 0.00953296131696 0 0.0120396655806 0.0425791805718 0.0127625419981 0.0146302110128 0.0165547720162 0.0128442484961 0.0463241000847 0.0152406870172 0.0150674507125 0.015826437414 0.0167092939478 0.0160005075986 0.0120602102107 0.0134980308446 0.0154482274339 0.0186652462125 0.0131111406698 0.0147098881537 0.00987088631681
Qgeminata4 0.0261933064404 0.019017289782 0.0193804573205 0.0177813057424 0.0304210618995 0.0276684932037 0.0265381649825 0.0259174892921 0.0178148619226 0.017231147956 0.0177809648603 0.0179299895399 0.0145921749965 0.0130142086818 0.0120396655806 0 0.0412497992966 0.0163000563863 0.0153294197874 0.0190075156058 0.0158308941174 0.0404965152676 0.018741027424 0.0185430179812 0.0193894950387 0.0185714530254 0.0186677271551 0.015374668455 0.0172674951998 0.0166404900693 0.0132078003413 0.0170229551879 0.0148063698318 0.012672118519
Qhemisphae 0.0399060645607 0.0405389616122 0.0411678475282 0.0393010717299 0.0375086135007 0.0411812309491 0.0392288454467 0.0346811729001 0.0437702249405 0.0440842820503 0.0405778014375 0.0409363987223 0.044907364498 0.0355305527729 0.0425791805718 0.0412497992966 0 0.0409570611246 0.0431121988429 0.0431134810362 0.0418119486536 0.0164873071595 0.0407068033417 0.0403430823002 0.0415042308283 0.0428251503506 0.042172269013 0.0382668265798 0.0406394939927 0.0429309941906 0.0423143636893 0.0413593129327 0.044095116121 0.0355407099477
Qminima_F1 0.0256872068286 0.0196764133819 0.0191358993812 0.0182920592487 0.0302824830647 0.0271865442842 0.0263084601055 0.0262791188325 0.017688217816 0.0165457622863 0.0184363467974 0.0178738672933 0.0147175129615 0.014121515123 0.0127625419981 0.0163000563863 0.0409570611246 0 0.0150297985626 0.0177234764705 0.0159016200591 0.0402488562678 0.01937135689 0.0190183290499 0.018746853057 0.0183326606282 0.0181717619391 0.0157848253724 0.0174637982961 0.0167687568882 0.0132342937896 0.0172821959587 0.0149565042102 0.0130973281331
Qminima_F2 0.0277260846832 0.0176684319025 0.0178731929037 0.0162593602627 0.0319393717542 0.0292179312924 0.0279545028289 0.0245409298117 0.0191470620236 0.0187723157377 0.0162649329511 0.0166223981703 0.0173009545862 0.012426035685 0.0146302110128 0.0153294197874 0.0431121988429 0.0150297985626 0 0.0177493965295 0.0154206423296 0.0423869898794 0.0172212646536 0.0172391202658 0.0182135049453 0.0191956358313 0.018353814145 0.0143779739742 0.0160304952384 0.0181835831504 0.0147048813557 0.0158242567523 0.0163077030374 0.011835261185
Qminima_F3 0.0284812147551 0.0207051922575 0.0208530877217 0.0192109807938 0.0327145518359 0.02991333875 0.0287773701334 0.0270297773606 0.0205922771778 0.0198058618193 0.0196310077298 0.0200153120295 0.0184130797502 0.0154587967885 0.0165547720162 0.0190075156058 0.0431134810362 0.0177234764705 0.0177493965295 0 0.0187968536241 0.0424186132849 0.0205764910475 0.0202153862352 0.0210940487401 0.021290137276 0.0212620923287 0.0171400739694 0.0191894915037 0.0199500564848 0.0167517433255 0.0195483050389 0.0181126306492 0.0142842081574
Qminima_FL 0.0264550710613 0.0183653389411 0.0186940490773 0.0171649766438 0.0306998409346 0.0278596836716 0.0265377452662 0.0254438462208 0.0180274306497 0.0175961252052 0.0171340076231 0.0174695311049 0.0152938313776 0.0129570870055 0.0128442484961 0.0158308941174 0.0418119486536 0.0159016200591 0.0154206423296 0.0187968536241 0 0.040874546791 0.0181803560242 0.0180108459711 0.0189820580976 0.0186834148751 0.0188466929157 0.0150689172294 0.0166980744677 0.017200612461 0.0134206981968 0.016496990805 0.014998633404 0.0124622552308
Qnigra 0.0449081518265 0.0397386530077 0.0404232399918 0.0386350282533 0.0418148730999 0.0393873063741 0.0438962443143 0.0337307045718 0.0427855614906 0.0433697467612 0.0396066657364 0.040124571794 0.0460008032873 0.0351648339107 0.0463241000847 0.0404965152676 0.0164873071595 0.0402488562678 0.0423869898794 0.0424186132849 0.040874546791 0 0.0400856550426 0.0396494248654 0.0406908504426 0.0419205385514 0.0415305782943 0.0378487554042 0.0399731851837 0.0419368199986 0.0468481836624 0.0406415909285 0.0431393466987 0.0351149064077
Qoleoides1 0.0255119066965 0.0193740795861 0.0188164803472 0.018194220748 0.0299612654185 0.0270888746901 0.0259784969206 0.0261610831025 0.0167932756721 0.016817314995 0.0188437770686 0.0182739353645 0.0178881271511 0.0165296641839 0.0152406870172 0.018741027424 0.0407068033417 0.01937135689 0.0172212646536 0.0205764910475 0.0181803560242 0.0400856550426 0 0.0139403577828 0.0134256128068 0.012472823259 0.0136296884967 0.0143025165454 0.0164437019598 0.0144024007156 0.0150791702574 0.0186279273924 0.0164280421773 0.0152134732147
Qoleoides2 0.0251109513953 0.0191666131174 0.0186615930197 0.018109921237 0.0296164825932 0.0267057319524 0.0256281803864 0.0261331260129 0.0165011882329 0.0164874092513 0.0184519648774 0.0179485407926 0.0176313662696 0.016518360068 0.0150674507125 0.0185430179812 0.0403430823002 0.0190183290499 0.0172391202658 0.0202153862352 0.0180108459711 0.0396494248654 0.0139403577828 0 0.0115648216355 0.011756210217 0.0134758924529 0.0141592673156 0.0158247549088 0.013732947751 0.0150629583632 0.0188553142726 0.0164197535677 0.0151167638327
Qoleoides3 0.026015321781 0.0185459102265 0.0187671873849 0.0176554734018 0.0305900731845 0.0277014292442 0.026588365104 0.0255030462485 0.0173453141655 0.0174131474228 0.0180278383478 0.0184519360592 0.0183510537711 0.0159050648689 0.015826437414 0.0193894950387 0.0415042308283 0.018746853057 0.0182135049453 0.0210940487401 0.0189820580976 0.0406908504426 0.0134256128068 0.0115648216355 0 0.0127453942805 0.0143802636726 0.0134290608799 0.0152953982147 0.014553489371 0.0157898928035 0.0190842578999 0.0172895014459 0.0146384316815
Qoleoides4 0.0271311760115 0.0180250534673 0.0183101621503 0.0168580621998 0.0315704595859 0.0288378113194 0.0274623383035 0.02517308628 0.018536636668 0.0187100008759 0.0174331434299 0.0178610762174 0.0197781227459 0.0153170580033 0.0167092939478 0.0185714530254 0.0428251503506 0.0183326606282 0.0191956358313 0.021290137276 0.0186834148751 0.0419205385514 0.012472823259 0.011756210217 0.0127453942805 0 0.0142467603998 0.0128512219481 0.0145723189549 0.0156889039176 0.0164715212863 0.0184441240508 0.0183048944363 0.014003081806
Qoleoide5 0.0266404124333 0.0182403567468 0.0183698565112 0.0169739813127 0.0310905626573 0.0282715550796 0.0270184101416 0.0252081046018 0.017470408517 0.0174728889665 0.0176044794202 0.0179943580423 0.0187396117326 0.0155460475289 0.0160005075986 0.0186677271551 0.042172269013 0.0181717619391 0.018353814145 0.0212620923287 0.0188466929157 0.0415305782943 0.0136296884967 0.0134758924529 0.0143802636726 0.0142467603998 0 0.0137177080457 0.0153502800122 0.0155810543643 0.0158802837528 0.0186190401339 0.0174198264075 0.0140423006665
Qsagraea1 0.0237448011623 0.0174598980358 0.0169554055824 0.0181381853034 0.0280243368419 0.0250645391805 0.0242160274209 0.0277579033004 0.0149849158775 0.0146231001298 0.0165418963273 0.0159803224138 0.0140115291882 0.0172809574203 0.0120602102107 0.015374668455 0.0382668265798 0.0157848253724 0.0143779739742 0.0171400739694 0.0150689172294 0.0378487554042 0.0143025165454 0.0141592673156 0.0134290608799 0.0128512219481 0.0137177080457 0 0.0136538503383 0.0121651386271 0.012475268722 0.0157522557774 0.0137461778564 0.0156916992416
Qsagraeana 0.0253005549504 0.0194767288505 0.0187303660006 0.0183358480675 0.029850226487 0.0267999122043 0.02579044377 0.0261227223523 0.0167964537547 0.0160866457225 0.0182634208015 0.017914300567 0.0156710161291 0.0152555655016 0.0134980308446 0.0172674951998 0.0406394939927 0.0174637982961 0.0160304952384 0.0191894915037 0.0166980744677 0.0399731851837 0.0164437019598 0.0158247549088 0.0152953982147 0.0145723189549 0.0153502800122 0.0136538503383 0 0.0137258659077 0.0138025299623 0.0175269057496 0.0151641098576 0.0134884059625
Qsagraean1 0.0273486462462 0.0175496684556 0.0179712588261 0.0166515802142 0.0317557044497 0.0290170814708 0.0277365777644 0.0246364423558 0.0184996528288 0.0184745103619 0.0166706716168 0.017218007766 0.0181796234957 0.0138944634184 0.0154482274339 0.0166404900693 0.0429309941906 0.0167687568882 0.0181835831504 0.0199500564848 0.017200612461 0.0419368199986 0.0144024007156 0.013732947751 0.014553489371 0.0156889039176 0.0155810543643 0.0121651386271 0.0137258659077 0 0.0153520638351 0.0169696176065 0.0171804328944 0.0127535811288
Qvirginia1 0.0331393844809 0.0151106909751 0.0154789007074 0.014164494892 0.0369619246309 0.02858972241 0.0330470915192 0.0225362539425 0.0168173503444 0.017156055664 0.0134125840515 0.0137901987325 0.0193464849823 0.0113019727217 0.0186652462125 0.0132078003413 0.0423143636893 0.0132342937896 0.0147048813557 0.0167517433255 0.0134206981968 0.0468481836624 0.0150791702574 0.0150629583632 0.0157898928035 0.0164715212863 0.0158802837528 0.012475268722 0.0138025299623 0.0153520638351 0 0.0116432529011 0.0128443097529 0.00845404591766
Qvirginia2 0.0263326845652 0.0190885531303 0.0192578795954 0.0178130245654 0.0305740697668 0.0277083546489 0.0266253020407 0.0259048215816 0.017574760339 0.0170200129242 0.0172043384637 0.0176175988862 0.0160249473141 0.0144721222776 0.0131111406698 0.0170229551879 0.0413593129327 0.0172821959587 0.0158242567523 0.0195483050389 0.016496990805 0.0406415909285 0.0186279273924 0.0188553142726 0.0190842578999 0.0184441240508 0.0186190401339 0.0157522557774 0.0175269057496 0.0169696176065 0.0116432529011 0 0.0129975494685 0.0115756306957
Qvirginia3 0.0284147088248 0.0167765574025 0.0169784864829 0.0157723444716 0.0327942492937 0.0300910552008 0.0287494679554 0.0244525065631 0.0187644875892 0.0187794447349 0.0149665561995 0.0152177995838 0.0178330025236 0.0124754012431 0.0147098881537 0.0148063698318 0.044095116121 0.0149565042102 0.0163077030374 0.0181126306492 0.014998633404 0.0431393466987 0.0164280421773 0.0164197535677 0.0172895014459 0.0183048944363 0.0174198264075 0.0137461778564 0.0151641098576 0.0171804328944 0.0128443097529 0.0129975494685 0 0.00954189184447
Qvirginia4 0.0214682337183 0.0155442977378 0.0149925547001 0.0160690055266 0.0255525905236 0.0227121172235 0.0218787525875 0.025068007244 0.0132779636981 0.012271692471 0.0137576180671 0.0131495668945 0.011528932842 0.0191328757464 0.00987088631681 0.012672118519 0.0355407099477 0.0130973281331 0.011835261185 0.0142842081574 0.0124622552308 0.0351149064077 0.0152134732147 0.0151167638327 0.0146384316815 0.014003081806 0.0140423006665 0.0156916992416 0.0134884059625 0.0127535811288 0.00845404591766 0.0115756306957 0.00954189184447 0
